6676175297864 ; Ibuprostatina ; 19,99
5389258331996 ; Parafloxacino ; 1,1
2619176497527 ; Levotina ; 37,9
2816171384758 ; Claristatina ; 8,29
1946749804919 ; Omestatina ; 7,79
4284510559988 ; Ometrina ; 44,9
1597694697856 ; Parazida ; 41,9
1852457129739 ; Amoxicilina ; 3,79
2690464684715 ; Claridrona ; 26,9
3201219701571 ; Metrozida ; 24,9
1298252890759 ; Ciprotrina ; 31,79
4429432647551 ; Clarisartan ; 13,49
7717701370102 ; Amoxicilina ; 19,99
3889781428048 ; Ibupropril ; 29,9
3235399518729 ; Omesartan ; 41,9
7121320393599 ; Metrodrona ; 16,99
3985086616972 ; Levotrina ; 16,99
9992691868663 ; Ibuprosartan ; 38,29
9825493890242 ; Claripril ; 37,29
3733271711884 ; Dextrofloxacino ; 11,99
3358107737496 ; Omefloxacino ; 26,49
5703076834951 ; Clarisartan ; 21,9
1907609338854 ; Paracilina ; 29,9
4151237232865 ; Metrodrona ; 28,79
9056327738015 ; Azatina ; 29,9
9222527492971 ; Levopril ; 22,79
5323328113391 ; Metrotrina ; 8,79
5356451470342 ; Azazida ; 21,9
9473124281045 ; Paratrina ; 31,9
5862035156011 ; Azapril ; 37,29
5360288422348 ; Azasartan ; 31,9
4947792635873 ; Amoxipril ; 17,99
3023147180511 ; Amoxifloxacino ; 10,99
5662213263160 ; Parapril ; 33,9
6104521740999 ; Dextrozida ; 35,79
4367647394945 ; Paradrona ; 38,79
3748726724548 ; Omezida ; 44,9
7537500243790 ; Parazida ; 43,49
8913669827191 ; Omezida ; 21,79
4691244403278 ; Metrosartan ; 61,49
1236125201020 ; Omestatina ; 30,49
9950538193365 ; Claritina ; 75,49
2856823996298 ; Parafloxacino ; 53,29
1006182767443 ; Parastatina ; 53,29
7604426631289 ; Parasartan ; 16,29
8178597825969 ; Ciprozida ; 22,49
8055380349840 ; Azacilina ; 19,99
1679337110338 ; Amoxidrona ; 22,29
3088288210082 ; Ometina ; 11,79
9275986646424 ; Parafloxacino ; 21,9
3432091826749 ; Dextropril ; 20,79
8257719147071 ; Levozida ; 14,99
6874732205700 ; Omestatina ; 22,9
3859567209708 ; Dextrotina ; 30,9
3166721396830 ; Metrofloxacino ; 28,9
7525771060121 ; Omecilina ; 22,9
2306059229238 ; Dextrofloxacino ; 13,99
1927991081465 ; Paratina ; 19,49
2615182418448 ; Azatina ; 19,49
2620270918003 ; Azafloxacino ; 64,9
9705163687187 ; Azaolol ; 15,99
8599967466765 ; Amoxicilina ; 21,29
1496229653094 ; Amoxicilina ; 100,79
3826209548183 ; Ibuprofloxacino ; 31,29
1136315782800 ; Metropril ; 53,9
4026630569989 ; Ometrina ; 21,9
7017105283673 ; Levodrona ; 39,79
4081055766501 ; Omecilina ; 17,99
4613370672871 ; Azatrina ; 17,99
3883453643494 ; Ibupropril ; 17,99
9334017682710 ; Omestatina ; 17,99
7825176086463 ; Ciprotrina ; 21,9
1740543045834 ; Azaolol ; 19,99
8666020643636 ; Claricilina ; 39,9
9006669895250 ; Dextrozida ; 77,29
8847029565817 ; Ometina ; 40,79
5164467965693 ; Amoxidrona ; 26,9
8642395652930 ; Omezida ; 56,29
7433656694673 ; Levodrona ; 36,49
5520114014127 ; Dextrozida ; 31,29
8425963403213 ; Levodrona ; 37,49
7654162617973 ; Metrozida ; 79,9
4106032501646 ; Amoxidrona ; 23,79
2514968945268 ; Claridrona ; 20,29
9028093368238 ; Metroolol ; 8,99
1056765567476 ; Paracilina ; 14,99
5986729743262 ; Metrosartan ; 10,99
3915896590840 ; Parastatina ; 10,99
9116164995255 ; Ciprotrina ; 12,49
1011785195540 ; Metrodrona ; 23,9
6300302370771 ; Ciproolol ; 5,99
8555096380410 ; Azapril ; 24,29
6399640328144 ; Parasartan ; 24,79
6546629002152 ; Ibuprocilina ; 21,9
3165550434509 ; Ciprotina ; 23,79
6483906638841 ; Parazida ; 9,99
4121653347458 ; Levostatina ; 8,79
4852762267510 ; Ibuprotina ; 8,99
4343322607612 ; Levopril ; 15,79
5852485946343 ; Amoxicilina ; 20,9
5150158055254 ; Amoxisartan ; 20,9
1656986407030 ; Ibuprostatina ; 20,9
3200541780928 ; Omepril ; 25,29
2213770032566 ; Amoxifloxacino ; 26,79
3759479267687 ; Ciproolol ; 16,29
3561560087791 ; Claritrina ; 30,79
8839575990444 ; Parazida ; 20,9
9056427767727 ; Metrodrona ; 21,9
7821252022211 ; Dextroolol ; 23,49
1258963067203 ; Claritrina ; 23,49
7975913945387 ; Azatina ; 22,29
4343899924270 ; Levofloxacino ; 21,9
7138596692471 ; Omezida ; 10,49
6539762815436 ; Levocilina ; 14,99
9170517631186 ; Amoxicilina ; 23,49
9385490504076 ; Azaolol ; 22,29
5641306550957 ; Ometina ; 45,9
1790908414911 ; Paratina ; 1,99
4040385088113 ; Omedrona ; 54,9
9244899731158 ; Parafloxacino ; 18,99
7789153541108 ; Azacilina ; 19,79
5178762952756 ; Azaolol ; 19,79
5254850682938 ; Ibupropril ; 2,79
9769136007647 ; Levotrina ; 31,9
5912773439278 ; Metrozida ; 54,9
7047368647039 ; Omezida ; 11,79
6756394834804 ; Ciprozida ; 8,29
1688361681381 ; Metrotrina ; 2,99
4923149701686 ; Ibuprofloxacino ; 31,79
5558145544738 ; Ciprocilina ; 2,99
1014083572255 ; Azazida ; 24,79
3173369664861 ; Levostatina ; 10,29
4771575020742 ; Parasartan ; 13,49
1261739955274 ; Metrotina ; 19,99
1823545385197 ; Parastatina ; 14,99
3052631091530 ; Ibuprostatina ; 13,99
7977073376852 ; Amoxidrona ; 68,9
2085761429000 ; Levosartan ; 53,9
9537195651791 ; Levocilina ; 20,49
4414825485112 ; Levofloxacino ; 37,9
8351739884582 ; Ibuprocilina ; 21,9
4136119479792 ; Azatina ; 26,9
8155755793830 ; Claritrina ; 22,9
7320420464991 ; Azaolol ; 22,9
9154255405630 ; Omedrona ; 2,99
7083461555342 ; Metroolol ; 34,9
8181465187578 ; Levozida ; 15,29
6871815926464 ; Azazida ; 29,9
7989254843781 ; Metrosartan ; 32,49
1180526838255 ; Azatina ; 78,29
3992970585057 ; Dextrostatina ; 39,9
3322701409305 ; Dextrodrona ; 73,9
2031318263304 ; Levotrina ; 38,79
9899799678153 ; Metrofloxacino ; 34,49
7021866720930 ; Parastatina ; 42,49
9629484607400 ; Ibuprosartan ; 29,9
1796959613391 ; Azaolol ; 9,99
9863140859529 ; Ibuprofloxacino ; 22,29
9324584630818 ; Metrofloxacino ; 29,9
3410489349840 ; Azaolol ; 29,79
9487469027450 ; Paradrona ; 18,29
5961465032269 ; Ibuprosartan ; 11,99
3848100757274 ; Metrodrona ; 16,49
8920286866867 ; Dextroolol ; 28,79
5759196778709 ; Dextrofloxacino ; 28,79
8590176238429 ; Omepril ; 31,9
8599826925578 ; Levodrona ; 31,9
6402463347382 ; Amoxizida ; 22,9
7175827837342 ; Claristatina ; 25,29
7766708011111 ; Paraolol ; 25,29
7363567883517 ; Dextrosartan ; 24,9
4169472386729 ; Claridrona ; 19,99
4413848263108 ; Claritrina ; 7,99
4524864165316 ; Metrostatina ; 13,49
9314436999062 ; Ciprostatina ; 14,99
8401760643190 ; Claricilina ; 25,29
8846012587421 ; Amoxistatina ; 19,49
2486798075128 ; Azasartan ; 19,49
4093656489075 ; Azatrina ; 19,49
9851430645269 ; Ciproolol ; 19,49
9220193872947 ; Clarifloxacino ; 21,49
5122007059512 ; Omezida ; 25,29
7496244326848 ; Metrosartan ; 19,29
7102529080596 ; Clarifloxacino ; 23,9
6192287099448 ; Azastatina ; 4,79
4658089764274 ; Ciprostatina ; 22,9
7745389775128 ; Parazida ; 21,9
7237466162840 ; Metrostatina ; 12,79
1039601102988 ; Ibuprosartan ; 6,49
8245992269342 ; Ciproolol ; 9,99
1812749321651 ; Ciproolol ; 21,79
5232660469356 ; Clarizida ; 31,9
5708543941408 ; Levosartan ; 40,9
4818890708192 ; Parastatina ; 28,29
7598667526516 ; Ciprostatina ; 34,9
2926292545060 ; Ibuprotrina ; 50,29
4953105139607 ; Parastatina ; 45,9
9425451136994 ; Dextrotrina ; 18,99
4025842543048 ; Omedrona ; 12,79
5037187740455 ; Ibuprodrona ; 93,79
3764971264757 ; Amoxifloxacino ; 62,79
4115284288449 ; Dextrotina ; 31,9
9698918271509 ; Amoxidrona ; 29,9
5400068467236 ; Metrofloxacino ; 14,99
9752880495210 ; Claripril ; 31,49
5116066965569 ; Azasartan ; 17,99
3350155794501 ; Metropril ; 25,9
8928807918806 ; Ciprotrina ; 44,9
7332222825093 ; Ciproolol ; 51,9
3582578797083 ; Amoxidrona ; 149,49
5996609003548 ; Ciprozida ; 57,49
3676325541877 ; Claricilina ; 32,9
2565317459015 ; Omestatina ; 32,9
9370715905006 ; Azatrina ; 32,9
1972901634832 ; Ibupropril ; 79,9
3901891097983 ; Metrosartan ; 86,29
4479382835666 ; Claritrina ; 14,99
3150666523712 ; Parafloxacino ; 16,99
7349050256083 ; Clarizida ; 15,29
8175195653427 ; Clarizida ; 13,99
4350864790092 ; Ciprodrona ; 23,9
3071510788049 ; Dextrosartan ; 37,9
5553126912606 ; Ibuprotina ; 22,29
8309181479242 ; Azadrona ; 25,29
4079912523775 ; Omesartan ; 17,99
7111144328262 ; Dextrodrona ; 26,49
3705889259405 ; Ibuprodrona ; 14,99
8729969926304 ; Ibupropril ; 86,9
7411546253711 ; Clarisartan ; 66,29
3240993946954 ; Clarizida ; 17,49
6699373109499 ; Amoxistatina ; 11,49
3017397376407 ; Levopril ; 59,9
7954608177920 ; Metrosartan ; 56,9
6955029238505 ; Levocilina ; 37,9
2437453012564 ; Ciprostatina ; 13,49
8895206168524 ; Amoxistatina ; 15,79
9997526113831 ; Dextrosartan ; 31,9
7742159608342 ; Claridrona ; 41,9
3757012222237 ; Dextrotrina ; 41,79
3132121114270 ; Ibuprostatina ; 13,99
7714420812561 ; Metrostatina ; 14,99
1917039222777 ; Levoolol ; 65,9
9840286294366 ; Metrocilina ; 60,29
3852387500743 ; Ibuprodrona ; 41,9
1385744655081 ; Paradrona ; 18,99
5421124481682 ; Parapril ; 24,79
6449933056528 ; Levosartan ; 19,99
4820149162384 ; Amoxizida ; 32,79
8630896296536 ; Parazida ; 33,79
1565770552716 ; Ciprostatina ; 41,9
2454072024580 ; Amoxifloxacino ; 45,49
9582881544866 ; Paracilina ; 16,99
8492732775521 ; Paracilina ; 37,9
6174323895394 ; Amoxitrina ; 14,99
5378368519574 ; Amoxitina ; 10,79
6954766022117 ; Claritina ; 15,79
4099238924109 ; Metrotina ; 17,99
9465194887241 ; Metrozida ; 26,79
1734890577447 ; Cipropril ; 22,49
1013195421277 ; Clariolol ; 8,79
5733547623060 ; Ibuprostatina ; 14,29
2501464718702 ; Omedrona ; 36,9
7868796161870 ; Metrotina ; 7,99
7722970514695 ; Levocilina ; 22,9
2100915771792 ; Omezida ; 18,99
3876321097540 ; Metroolol ; 20,79
7938990765122 ; Ibuproolol ; 17,49
8694390154646 ; Azatrina ; 23,9
6638178434786 ; Azatrina ; 35,49
2702709824299 ; Ibuprocilina ; 49,9
7394193456393 ; Dextrostatina ; 13,79
3694375735443 ; Metrostatina ; 31,9
8384376350287 ; Metroolol ; 7,29
4751535238425 ; Dextrozida ; 12,99
1973102384352 ; Metrotrina ; 31,9
7116858772793 ; Azaolol ; 3,99
1407078634497 ; Ciprotrina ; 2,99
2631753884948 ; Dextrosartan ; 2,99
2757760871141 ; Levotrina ; 21,49
4451491192806 ; Claridrona ; 22,29
4916603110311 ; Metrocilina ; 6,99
8355994660238 ; Metroolol ; 11,99
5504831477006 ; Azatrina ; 3,29
1735286103627 ; Ibuprocilina ; 2,99
3810599915862 ; Paradrona ; 6,49
6202925481036 ; Omecilina ; 20,9
6727708978122 ; Omecilina ; 28,79
4088624069262 ; Levopril ; 15,99
9844016176870 ; Levozida ; 1,99
6840562832630 ; Metropril ; 19,99
3262848888788 ; Amoxistatina ; 3,99
9447941395982 ; Claritrina ; 12,49
5705735468348 ; Levopril ; 21,79
4477789939384 ; Levodrona ; 35,9
6269194515698 ; Parafloxacino ; 38,49
2561001433839 ; Parafloxacino ; 24,9
9045765813607 ; Azastatina ; 15,99
1520643479635 ; Paratina ; 7,29
8036498650266 ; Omezida ; 9,29
4785262367549 ; Amoxifloxacino ; 35,9
8108690544280 ; Parastatina ; 8,99
4977532649263 ; Clarisartan ; 39,9
9506019738062 ; Ibuprocilina ; 45,49
3212872800419 ; Azaolol ; 39,9
7160941041143 ; Claristatina ; 21,9
7485523120121 ; Levozida ; 20,9
6086902607933 ; Amoxisartan ; 18,29
2951067033826 ; Clarisartan ; 16,99
1112801514075 ; Claristatina ; 21,9
2679895212279 ; Amoxicilina ; 25,9
1989191548130 ; Paracilina ; 23,79
9105544127510 ; Parapril ; 25,9
8547422226465 ; Omepril ; 41,29
5246791898994 ; Metrosartan ; 25,9
5916628735217 ; Omedrona ; 5,99
8143299590539 ; Dextroolol ; 9,99
4515725216237 ; Metrotina ; 15,79
7816596963835 ; Omestatina ; 15,99
7743002500195 ; Metrozida ; 30,79
4354479640628 ; Metrodrona ; 43,9
5587269419097 ; Parastatina ; 1,99
6864663023084 ; Omesartan ; 19,49
7916403346654 ; Clarizida ; 39,9
8911310507482 ; Azadrona ; 39,9
5199539795344 ; Ciprodrona ; 15,99
5835410960397 ; Dextroolol ; 16,99
7311671408186 ; Metropril ; 48,9
7203199728349 ; Dextrofloxacino ; 67,9
8322381721596 ; Ibuprotrina ; 21,9
9224119311581 ; Parasartan ; 18,79
2519276573102 ; Dextrotina ; 45,49
5019337720722 ; Levofloxacino ; 24,9
3484521696949 ; Ometrina ; 29,29
1506397056615 ; Dextrozida ; 12,99
8404790003650 ; Levotrina ; 23,29
7298983153397 ; Metrofloxacino ; 38,29
4506927162733 ; Parasartan ; 14,79
3747384636357 ; Levozida ; 20,29
7629760664768 ; Paratrina ; 21,9
2154718612440 ; Ibuprotrina ; 37,49
6792768608198 ; Dextrofloxacino ; 39,9
3897742201628 ; Azapril ; 56,9
3435927559657 ; Dextroolol ; 17,99
9522642124872 ; Levotrina ; 26,9
9998162279664 ; Amoxicilina ; 45,9
2031186717714 ; Ciprostatina ; 58,79
7732538964451 ; Omefloxacino ; 62,29
3001959141383 ; Levosartan ; 42,9
2632580190883 ; Claritrina ; 31,79
9693302963636 ; Paraolol ; 36,29
7871568318603 ; Claricilina ; 28,29
4945313634166 ; Levostatina ; 58,9
4702752869618 ; Claricilina ; 32,49
1610972417225 ; Amoxistatina ; 20,9
6639107781026 ; Parafloxacino ; 30,49
1749352477880 ; Dextrotrina ; 29,9
3042431498390 ; Claricilina ; 31,49
1351406409948 ; Amoxipril ; 25,29
1953339386137 ; Ciprotrina ; 28,49
4482492856419 ; Ibuprozida ; 27,29
2837517007168 ; Ciprostatina ; 39,29
3915420178020 ; Metrozida ; 16,99
3349121450405 ; Parazida ; 33,9
6930632625833 ; Paradrona ; 38,79
3718074534241 ; Metrofloxacino ; 8,49
4367795537817 ; Metrotina ; 4,99
5680350881964 ; Ibuprodrona ; 8,29
3347931787127 ; Dextroolol ; 40,79
1858826577773 ; Dextrosartan ; 9,79
7451472048304 ; Ciprofloxacino ; 13,49
1187237320256 ; Levotina ; 35,49
1800979226570 ; Omezida ; 14,29
8657274526902 ; Ibuprotina ; 25,9
9267605378689 ; Ciprozida ; 17,99
8934223800785 ; Azapril ; 30,9
5751506639573 ; Parapril ; 37,29
8164665453552 ; Parasartan ; 45,79
4473115956497 ; Dextrostatina ; 129,9
1498507816079 ; Ibuprocilina ; 31,49
5530563628197 ; Claritina ; 38,29
6285195894763 ; Levozida ; 124,79
5138091181838 ; Azapril ; 48,9
5833201724492 ; Azaolol ; 41,9
2419702578005 ; Claritina ; 16,49
8660451830119 ; Levostatina ; 20,9
3512351267165 ; Claristatina ; 25,79
5011468112481 ; Dextrotrina ; 46,79
6998185982357 ; Cipropril ; 32,9
5468200449029 ; Dextrotina ; 2,99
2507990012008 ; Parasartan ; 13,49
4322382715618 ; Metrotina ; 19,29
3878092262906 ; Levostatina ; 24,9
5659913964307 ; Metropril ; 43,49
7244647342523 ; Azacilina ; 25,49
7695499305380 ; Ibupropril ; 58,9
5098762155644 ; Ciprostatina ; 78,9
6784796983690 ; Ibuprosartan ; 69,9
8892576285487 ; Metroolol ; 79,9
9550877118515 ; Dextrotina ; 45,49
1936512768158 ; Ciprocilina ; 48,9
1956243177734 ; Levotrina ; 39,9
9918902487289 ; Metrozida ; 30,9
6327391153763 ; Amoxidrona ; 31,9
7011896386166 ; Dextrofloxacino ; 42,29
6670339415211 ; Levotrina ; 36,9
4800097313072 ; Claripril ; 3,49
4260221483161 ; Claristatina ; 20,29
9874532857113 ; Omeolol ; 18,79
9734132179495 ; Cipropril ; 21,79
5251684654716 ; Clariolol ; 19,99
3323698881133 ; Paradrona ; 1,29
4324573639268 ; Parapril ; 87,79
2355012241704 ; Metrodrona ; 136,49
9332541453520 ; Ibuprofloxacino ; 9,99
5237665447282 ; Claristatina ; 9,99
6852178463660 ; Levotina ; 21,79
5596179751647 ; Azapril ; 28,49
2895467748628 ; Metrozida ; 8,99
6102299214762 ; Azadrona ; 17,49
5983353806335 ; Cipropril ; 6,99
6288689138346 ; Amoxistatina ; 19,79
5273601411924 ; Metropril ; 35,9
6272019615970 ; Ibuprosartan ; 25,49
6960896673812 ; Parastatina ; 20,9
6594557202492 ; Metrofloxacino ; 20,9
3528185969406 ; Omepril ; 34,9
8387658727726 ; Azazida ; 34,9
8471539014062 ; Omecilina ; 39,29
2706800309063 ; Ciproolol ; 1,99
5784868970366 ; Cipropril ; 2,29
6984969632544 ; Ciprotrina ; 45,9
3413620649799 ; Dextrocilina ; 38,9
7798300255649 ; Amoxistatina ; 45,49
4542275744131 ; Ciprotina ; 18,49
4179092236689 ; Parastatina ; 24,79
9863703038990 ; Levoolol ; 24,79
4208733788648 ; Parasartan ; 24,79
7315366394040 ; Ciprotrina ; 24,79
7903094983423 ; Metrotrina ; 24,79
4977971026994 ; Azacilina ; 18,49
2057661217731 ; Amoxisartan ; 21,9
2613673569766 ; Ibuprocilina ; 21,9
6246057407579 ; Omefloxacino ; 21,9
8494525628706 ; Metrozida ; 4,49
4351339818367 ; Azacilina ; 24,9
5601021511286 ; Ibuprozida ; 14,99
1768342675620 ; Levofloxacino ; 27,49
6354497447293 ; Metrotina ; 16,49
2927239453576 ; Ciprocilina ; 22,49
6143670289106 ; Dextrocilina ; 35,29
8390617470688 ; Claristatina ; 19,99
2283435040747 ; Amoxiolol ; 7,99
8481854125520 ; Amoxifloxacino ; 14,99
2131971332150 ; Amoxitrina ; 20,9
4026584423049 ; Omepril ; 39,9
1732927871896 ; Levodrona ; 9,99
5753622968102 ; Claricilina ; 35,9
3404688525222 ; Metroolol ; 27,9
5478404340615 ; Omestatina ; 14,99
2577149822798 ; Levotina ; 21,9
8072380111255 ; Levozida ; 17,29
3297008684046 ; Paracilina ; 24,49
2411038624708 ; Ciprotrina ; 19,99
2773597541191 ; Ciprocilina ; 25,79
5846292297102 ; Paraolol ; 16,99
8156942586936 ; Ometina ; 16,29
3846566946949 ; Ibuproolol ; 14,99
7996653285121 ; Dextrofloxacino ; 39,9
6824778815424 ; Levostatina ; 21,9
6594886629753 ; Omecilina ; 46,9
8522533603018 ; Amoxitrina ; 25,29
7600413141656 ; Dextrofloxacino ; 41,79
4528374308977 ; Metrozida ; 7,99
3916501582340 ; Amoxitrina ; 17,99
2126794340445 ; Levoolol ; 15,49
7602902566238 ; Amoxitina ; 34,9
9394474211293 ; Metrofloxacino ; 39,9
8192155507058 ; Ciprofloxacino ; 33,29
6419356396521 ; Metrodrona ; 110,9
9739123376488 ; Dextropril ; 32,49
4949490516834 ; Omezida ; 81,9
7666306628401 ; Cipropril ; 94,9
5877967416174 ; Dextrotina ; 79,9
4093867791202 ; Levostatina ; 12,99
3543514859497 ; Amoxiolol ; 14,99
8733023508977 ; Dextrofloxacino ; 21,9
8534295619641 ; Levopril ; 29,9
7798708272580 ; Omecilina ; 44,9
7098677317317 ; Metrotrina ; 11,99
4676660545125 ; Cipropril ; 19,79
8294241425777 ; Azapril ; 25,49
8561961294680 ; Amoxizida ; 48,9
7706153661944 ; Dextrotrina ; 69,79
1748824159724 ; Ciproolol ; 30,79
5172427392521 ; Amoxistatina ; 28,9
5825570527130 ; Metropril ; 30,79
3809108214195 ; Clarisartan ; 30,79
5027705299376 ; Paradrona ; 24,9
5594012388107 ; Ciproolol ; 37,79
2110778820823 ; Levotina ; 58,29
7648435794294 ; Dextrozida ; 49,9
9387814015022 ; Claristatina ; 34,9
7027736487668 ; Parafloxacino ; 39,9
3898079341160 ; Amoxistatina ; 37,9
5190767716844 ; Ibuprosartan ; 38,79
3184637973248 ; Metrocilina ; 29,9
3787066958226 ; Ciprofloxacino ; 39,9
5162721128893 ; Ciprotina ; 4,79
2853453281237 ; Metroolol ; 65,49
1534672551384 ; Parasartan ; 49,49
3049578737773 ; Levozida ; 57,79
6618426788478 ; Ciproolol ; 24,9
7489159211340 ; Amoxistatina ; 34,9
5691408481987 ; Ibuprozida ; 24,9
2188841042030 ; Claristatina ; 26,49
6397177848829 ; Azatrina ; 67,49
5408535696098 ; Ciprosartan ; 42,9
6986612961041 ; Azacilina ; 42,9
5736131958230 ; Paraolol ; 39,9
6123130396970 ; Clariolol ; 39,9
6531422533163 ; Clarifloxacino ; 28,9
2834938529999 ; Dextrozida ; 25,49
4212710690802 ; Parasartan ; 29,9
3246631404231 ; Levostatina ; 34,9
8175982893824 ; Parapril ; 34,9
2562912193851 ; Parafloxacino ; 79,9
5674912091735 ; Ibuprofloxacino ; 39,9
2599134548790 ; Ibuprozida ; 52,49
1527067206009 ; Clarisartan ; 24,9
1371317569723 ; Omefloxacino ; 34,9
1084475136828 ; Levoolol ; 38,29
9669439342029 ; Levostatina ; 41,9
8453963726658 ; Levotrina ; 39,9
3624950665337 ; Ibupropril ; 49,9
4902311444818 ; Amoxistatina ; 17,99
5712698524357 ; Amoxicilina ; 34,9
6103932840294 ; Azatrina ; 24,9
5221778826704 ; Metrotina ; 26,49
8206383199129 ; Omefloxacino ; 39,9
8076370164386 ; Dextropril ; 25,9
6108096031168 ; Levofloxacino ; 20,9
6009226053278 ; Ibupropril ; 18,79
8177876927465 ; Ciprofloxacino ; 67,29
8433124480466 ; Dextrostatina ; 26,9
2622384786694 ; Levofloxacino ; 139,9
4366899132650 ; Amoxipril ; 36,49
1316769656849 ; Parapril ; 39,29
1194963214476 ; Parazida ; 20,79
9344869458112 ; Metrodrona ; 17,49
1624480559411 ; Ibuprotina ; 23,9
9645346574276 ; Ciproolol ; 21,9
8977076526859 ; Parazida ; 21,79
2762945353982 ; Levotrina ; 23,9
8578760223154 ; Metrofloxacino ; 44,9
3509995148383 ; Azatina ; 21,49
4929571141261 ; Ciproolol ; 23,9
3465076291927 ; Azapril ; 13,79
3071139193775 ; Amoxifloxacino ; 9,99
1822341787425 ; Levotrina ; 8,49
5744274619268 ; Ciprosartan ; 19,99
4385328555222 ; Omeolol ; 19,29
1275763080731 ; Metroolol ; 29,49
9825589806530 ; Ibuprocilina ; 34,9
8028861910135 ; Parapril ; 18,79
4572846850076 ; Metroolol ; 19,99
4151852686559 ; Azaolol ; 19,99
8499029829385 ; Omestatina ; 28,79
3684706790593 ; Ibuprozida ; 59,9
6479240670648 ; Levopril ; 9,49
5243664729642 ; Omesartan ; 31,9
3567552596249 ; Dextrocilina ; 39,9
5468071318322 ; Ometrina ; 14,99
1798265252782 ; Paracilina ; 21,49
9433153943112 ; Levozida ; 39,9
1693515381786 ; Azacilina ; 39,9
6093328774702 ; Amoxitrina ; 39,9
9512893619447 ; Claritina ; 51,9
7741870264636 ; Ciprosartan ; 14,29
6005553402531 ; Azatrina ; 3,49
2357302306833 ; Claritina ; 46,79
8723248332341 ; Ibuprotina ; 36,79
8619706395365 ; Ibuprotina ; 36,79
9253951615530 ; Ciprodrona ; 51,79
1316260733754 ; Paraolol ; 36,79
9914631133691 ; Metrocilina ; 31,9
7964097798447 ; Azasartan ; 31,9
9765862932245 ; Ciprotina ; 45,9
6729116124479 ; Ibuproolol ; 33,9
7129175337366 ; Claritina ; 48,9
2804753621537 ; Clarisartan ; 25,9
9871735107882 ; Ciprotina ; 24,9
9153049136020 ; Dextrosartan ; 27,9
6956601370488 ; Azasartan ; 45,9
8653305878307 ; Azadrona ; 33,29
3837626629034 ; Omestatina ; 25,9
6704076267998 ; Clarizida ; 25,9
8578710738255 ; Levotrina ; 18,99
9332925777184 ; Ibuprofloxacino ; 21,49
1684546102202 ; Levoolol ; 13,49
6240914918170 ; Ciprozida ; 10,49
5540116908521 ; Ciprofloxacino ; 136,9
6275409298475 ; Omezida ; 18,79
7844200030091 ; Claridrona ; 3,29
8418377169806 ; Dextroolol ; 7,99
8774042077374 ; Paradrona ; 29,49
7680003077455 ; Metrosartan ; 39,49
7347103540297 ; Levofloxacino ; 17,29
5949591224532 ; Omesartan ; 32,49
4718069912011 ; Ciprostatina ; 37,49
2424392106546 ; Azafloxacino ; 41,79
5571243440262 ; Ciprostatina ; 16,99
3114742306251 ; Omefloxacino ; 49,9
5296706452363 ; Dextrocilina ; 20,9
2414450019735 ; Amoxizida ; 75,9
1604691110290 ; Ibuproolol ; 2,99
9641293165049 ; Omestatina ; 41,9
7353173380966 ; Amoxizida ; 16,99
1276533531737 ; Ibuprotina ; 22,49
1243032117645 ; Levostatina ; 28,49
1249491462017 ; Clarisartan ; 51,9
4627707262047 ; Azadrona ; 39,9
9688446592492 ; Clariolol ; 61,29
8489471282792 ; Ciprostatina ; 31,79
2392978209571 ; Claripril ; 17,29
4007277755868 ; Parafloxacino ; 10,29
6104382010634 ; Claricilina ; 14,99
8672020475444 ; Ibuprodrona ; 22,29
2679901273433 ; Ciprotina ; 13,79
3281674284538 ; Ciprodrona ; 17,99
7322177409206 ; Ibuprosartan ; 11,49
5473031138215 ; Levopril ; 11,79
9668321850039 ; Azatrina ; 36,9
3855544836480 ; Clarizida ; 17,29
8755012823645 ; Dextrozida ; 13,99
5759354029740 ; Claritina ; 9,99
8652331352812 ; Metrosartan ; 41,79
5818135085902 ; Ibupropril ; 38,49
3807701333160 ; Dextrotina ; 16,99
9481936108727 ; Amoxizida ; 16,99
5819780605363 ; Ometrina ; 21,49
9426816240533 ; Amoxidrona ; 20,79
8029395156595 ; Amoxistatina ; 14,99
1450634453944 ; Omecilina ; 31,79
1846868515452 ; Omepril ; 22,9
4362678054699 ; Levodrona ; 8,99
3514535159600 ; Azatrina ; 4,99
8872083416387 ; Ibuprocilina ; 21,79
9835232015694 ; Claridrona ; 15,99
6397164497119 ; Ciprofloxacino ; 39,79
9089712243195 ; Levocilina ; 16,79
9466113454526 ; Azasartan ; 5,49
2391847459851 ; Omesartan ; 14,99
3387198626588 ; Clarifloxacino ; 13,79
7063868847087 ; Paratrina ; 18,79
8741031342954 ; Amoxidrona ; 25,49
4774582060558 ; Ibuprodrona ; 15,79
8876901151164 ; Ometina ; 8,29
7982430464479 ; Amoxitrina ; 9,99
3474254587748 ; Azastatina ; 13,49
4501534258059 ; Levozida ; 8,79
6197628389271 ; Claridrona ; 27,49
4148372747169 ; Ibuprozida ; 122,9
7125354957975 ; Azacilina ; 34,9
1969897675859 ; Dextrodrona ; 48,79
3355338143503 ; Ibuprosartan ; 69,79
4546322149813 ; Levofloxacino ; 23,9
2458703701796 ; Levozida ; 77,9
7117519359114 ; Dextrozida ; 32,9
6183372947106 ; Azazida ; 10,99
3766156555595 ; Paratrina ; 14,99
6571607090889 ; Ibuprodrona ; 62,79
3403959111571 ; Claripril ; 39,9
3665870061675 ; Dextrotina ; 49,9
7245326105187 ; Ciprodrona ; 51,49
4448508945221 ; Omedrona ; 49,9
9023628855868 ; Claricilina ; 41,9
8093935130312 ; Ciprotrina ; 8,79
4102754358437 ; Claritrina ; 14,49
3041557199992 ; Azatrina ; 18,99
9273127813634 ; Levosartan ; 29,49
3331726019500 ; Dextroolol ; 15,99
2692789706875 ; Omeolol ; 31,9
1606425551012 ; Clarisartan ; 62,9
8024265020782 ; Levotrina ; 25,49
9728499527383 ; Azatrina ; 10,99
2048653648828 ; Parafloxacino ; 31,9
4215320582556 ; Azacilina ; 38,79
6571708051325 ; Claridrona ; 25,49
9429886472645 ; Ibuprozida ; 33,29
7077265825605 ; Amoxitina ; 34,9
7823746411384 ; Claritina ; 58,9
5584664626807 ; Parastatina ; 24,9
7109860948661 ; Amoxistatina ; 24,9
7307278604574 ; Omefloxacino ; 25,29
5242547471309 ; Amoxitina ; 27,9
7646728164022 ; Ciprotina ; 22,9
8784893245381 ; Paradrona ; 24,49
6615176419621 ; Amoxifloxacino ; 54,9
1000063306117 ; Claristatina ; 12,99
2832957247833 ; Claricilina ; 35,9
8586920967125 ; Dextrotina ; 69,9
2252767965501 ; Metrodrona ; 42,79
9855109561409 ; Azasartan ; 10,99
3492590586178 ; Ometrina ; 22,29
1014442031769 ; Metrodrona ; 25,79
6631314451369 ; Metrodrona ; 34,79
1512610289151 ; Dextrotrina ; 10,99
7264681194370 ; Levodrona ; 28,9
5841499358480 ; Levodrona ; 15,79
5647800529770 ; Cipropril ; 10,99
2836738973358 ; Ibuprosartan ; 8,79
4072617173401 ; Levodrona ; 12,99
1449380291082 ; Metrotina ; 51,9
3673893834866 ; Clariolol ; 12,49
8538262626591 ; Omefloxacino ; 4,49
6845558729303 ; Azaolol ; 4,49
7457145990055 ; Claripril ; 4,99
2729062131031 ; Ibuprosartan ; 23,9
5576519506609 ; Dextrotina ; 17,79
7659615245575 ; Metrotina ; 17,79
5043926844655 ; Metrodrona ; 17,79
1870946123808 ; Dextrocilina ; 11,99
8285386429920 ; Amoxitina ; 21,9
4045857373514 ; Azasartan ; 15,29
1841807730983 ; Claritina ; 32,9
8583189846046 ; Dextrofloxacino ; 19,99
3646169755300 ; Metrozida ; 27,49
4051605778363 ; Ibuprotina ; 35,9
8514897177776 ; Ibuprotina ; 25,49
8205057053439 ; Ciprodrona ; 41,49
4035662209782 ; Metrodrona ; 20,49
9844012660990 ; Omesartan ; 11,29
4006262742991 ; Amoxitrina ; 21,9
9855896143586 ; Metrotina ; 9,99
1716455982168 ; Ciprotina ; 64,9
4762320130843 ; Metrotrina ; 69,49
2616720785000 ; Azadrona ; 59,9
1770751900634 ; Parafloxacino ; 126,49
2721781606306 ; Azacilina ; 55,79
3681254581955 ; Amoxitina ; 15,99
5720009667887 ; Dextrotrina ; 59,9
8518809130326 ; Amoxitina ; 16,99
1898542350900 ; Amoxitrina ; 21,9
1232902193176 ; Omesartan ; 21,9
8634483613258 ; Ibuprocilina ; 21,9
8459974165052 ; Ciproolol ; 21,9
1982224065136 ; Clariolol ; 21,29
2644380552564 ; Dextrofloxacino ; 40,9
2520142513835 ; Amoxiolol ; 37,49
3949380439772 ; Dextrotina ; 51,9
6350395568883 ; Ibuprocilina ; 48,49
1816951990470 ; Claristatina ; 32,29
8722984414689 ; Ciprotina ; 15,29
6590295966033 ; Claripril ; 35,29
8436999398526 ; Parapril ; 14,49
5107682130661 ; Ciprodrona ; 26,79
8948243161838 ; Claristatina ; 16,29
1985277842291 ; Ometina ; 15,99
4865526843721 ; Metropril ; 25,29
2670204324014 ; Omeolol ; 2,79
4436316477332 ; Levosartan ; 2,99
6789149039331 ; Omepril ; 2,99
4702368131316 ; Omedrona ; 10,29
1933766078713 ; Amoxisartan ; 10,29
1348291019697 ; Levotina ; 21,49
8042537410938 ; Amoxicilina ; 45,49
1867536316318 ; Levofloxacino ; 17,99
3677635489219 ; Dextrodrona ; 46,49
3638212514973 ; Amoxitina ; 42,49
9208022003843 ; Dextropril ; 74,79
6270357600454 ; Ciprofloxacino ; 1,0
8224368085457 ; Ciprodrona ; 21,49
5872041152528 ; Ibuprofloxacino ; 17,99
2334321927790 ; Clariolol ; 24,79
8782193440883 ; Amoxidrona ; 24,49
1856213279900 ; Amoxisartan ; 5,99
9580682821424 ; Amoxisartan ; 14,99
2446365843301 ; Ibuprocilina ; 38,29
7124997894453 ; Ometrina ; 73,79
3413734262197 ; Dextroolol ; 37,9
3187568097181 ; Levostatina ; 26,79
7329635031475 ; Clariolol ; 43,49
1041795580120 ; Paraolol ; 25,9
5685745553636 ; Ibuprodrona ; 17,99
4704133832685 ; Ibuproolol ; 20,9
4393396550914 ; Ciprostatina ; 17,49
4786833332652 ; Omecilina ; 38,79
5460937840571 ; Ibuprozida ; 39,79
8793232126061 ; Levodrona ; 56,79
5367615998168 ; Levodrona ; 56,79
6779742746907 ; Azaolol ; 1,29
8765070996088 ; Metropril ; 5,49
5806846889887 ; Levopril ; 12,99
5786372187332 ; Levozida ; 4,29
7622168304579 ; Paraolol ; 6,99
8549940512912 ; Amoxitrina ; 84,9
3734738375016 ; Clarisartan ; 34,79
7452726406573 ; Paratrina ; 13,49
6481392462708 ; Parafloxacino ; 25,79
9293644631085 ; Amoxipril ; 24,9
9607151120042 ; Azastatina ; 35,49
9713849736834 ; Metrocilina ; 13,29
6391827439903 ; Ciprocilina ; 21,9
6326608974663 ; Dextrosartan ; 32,9
8173741205855 ; Dextrocilina ; 32,49
1662099079873 ; Metrofloxacino ; 23,9
6977748738426 ; Metrofloxacino ; 20,9
3636532113987 ; Metrofloxacino ; 248,9
9716689460324 ; Azapril ; 2,99
9098770816064 ; Amoxizida ; 4,79
8601523054697 ; Metrotina ; 2,99
5831222925160 ; Metrostatina ; 63,49
1246471998486 ; Levosartan ; 49,29
6025018913779 ; Azastatina ; 11,99
4815350618166 ; Dextroolol ; 12,99
5474813969883 ; Azatrina ; 16,79
6675707839968 ; Ibuprozida ; 64,9
8490267410266 ; Parastatina ; 59,9
2446089611902 ; Ibupropril ; 68,9
7106625093037 ; Ibuprostatina ; 74,49
8742485735240 ; Ibuprosartan ; 31,9
2230243902553 ; Dextrodrona ; 13,99
4807530933469 ; Levotina ; 42,9
4794569814518 ; Levosartan ; 34,49
7533623321922 ; Ciprozida ; 48,9
7864733983050 ; Omefloxacino ; 19,99
6020910852657 ; Ciprozida ; 41,29
6203845525470 ; Ciproolol ; 16,99
1647327477147 ; Azatrina ; 79,79
9083980238273 ; Ciprozida ; 13,99
6260129741929 ; Azatrina ; 22,9
9185617656078 ; Metrotina ; 31,79
7170179900426 ; Dextrofloxacino ; 39,79
3270874221968 ; Amoxizida ; 36,29
7843307063359 ; Dextrocilina ; 28,49
4790961757609 ; Omezida ; 5,99
2357686764263 ; Clariolol ; 18,99
7478245470683 ; Levofloxacino ; 26,79
3377205256187 ; Metrostatina ; 33,79
1512119502586 ; Levostatina ; 8,29
2480707205424 ; Levocilina ; 9,99
9128592537345 ; Omesartan ; 39,79
8846135338220 ; Dextrofloxacino ; 69,9
3632181730706 ; Amoxizida ; 13,99
9859109185506 ; Metroolol ; 20,79
9432282349753 ; Omedrona ; 36,29
4424371630590 ; Paracilina ; 9,99
9435678319611 ; Amoxisartan ; 89,49
6223593528907 ; Parasartan ; 20,9
2992894853500 ; Ibuprotrina ; 21,9
3301592372386 ; Amoxipril ; 31,29
6407179005298 ; Ometina ; 22,79
8214000343451 ; Ciprodrona ; 34,49
5790870711118 ; Ibuprosartan ; 47,29
2908871760542 ; Amoxipril ; 25,9
6099197307913 ; Amoxipril ; 26,9
8115928537277 ; Amoxizida ; 6,99
8013571753073 ; Ibuprocilina ; 14,99
7130193454202 ; Amoxitina ; 73,9
6294108229960 ; Ciprocilina ; 41,29
7225387985285 ; Dextrozida ; 53,9
3586773385057 ; Metroolol ; 61,9
1940266722569 ; Amoxisartan ; 34,9
4520618027081 ; Metrostatina ; 29,9
9210858312277 ; Omepril ; 30,29
7828196833551 ; Amoxizida ; 4,99
5335273029225 ; Amoxidrona ; 9,99
6003003865385 ; Omeolol ; 14,49
6584382949191 ; Dextrostatina ; 21,9
8285159985115 ; Azafloxacino ; 89,9
1063977381098 ; Dextrosartan ; 103,9
8812004220332 ; Clariolol ; 1,99
5202210553096 ; Amoxisartan ; 47,79
8523914866161 ; Metrozida ; 54,9
3785764798764 ; Ibuproolol ; 54,9
7907715120324 ; Azapril ; 12,79
6315906979739 ; Dextrodrona ; 26,29
9168753447703 ; Dextrotrina ; 31,9
6385831712913 ; Metropril ; 57,49
5333543317842 ; Azapril ; 15,79
3776563843931 ; Dextropril ; 22,9
1164856709880 ; Ibuprotrina ; 84,9
2580379108909 ; Amoxipril ; 35,79
2147000839727 ; Dextroolol ; 39,9
5257590583413 ; Claripril ; 65,29
6629897219836 ; Levocilina ; 69,9
2667139955406 ; Paracilina ; 111,79
4625264554869 ; Claristatina ; 10,49
2576723272380 ; Levopril ; 9,99
5317353575723 ; Parastatina ; 26,49
1299523109122 ; Claridrona ; 28,79
7196839264688 ; Azacilina ; 35,9
4081311107074 ; Dextrotrina ; 71,9
6327756744457 ; Levotrina ; 20,9
2850262520400 ; Dextropril ; 52,49
3732734561790 ; Metrocilina ; 71,9
9282102663471 ; Clariolol ; 31,9
8074964320342 ; Levodrona ; 14,99
3789421378888 ; Azaolol ; 8,99
6733524073289 ; Ciprofloxacino ; 29,9
3291935664910 ; Clarizida ; 29,9
3296902342182 ; Claridrona ; 25,9
3428236968593 ; Ometrina ; 34,9
1886653609305 ; Levodrona ; 43,79
2223800633103 ; Amoxizida ; 39,49
3744669183984 ; Paratina ; 33,29
5816557798793 ; Levotina ; 35,49
2581567359521 ; Omecilina ; 41,9
4396125094814 ; Amoxisartan ; 18,99
7791268950248 ; Claripril ; 25,29
3471119866306 ; Claritrina ; 28,79
4273331238197 ; Omefloxacino ; 77,79
2737317540411 ; Dextrodrona ; 30,9
5428654337619 ; Ciprofloxacino ; 31,9
6941292734440 ; Metrotina ; 49,9
1972051843868 ; Dextrostatina ; 14,29
4246119201162 ; Dextropril ; 33,9
2542299671721 ; Paratina ; 11,79
7271574889914 ; Levopril ; 25,9
9423462085875 ; Amoxiolol ; 11,99
9602028093220 ; Omecilina ; 22,29
2766420200100 ; Ciprocilina ; 33,9
6776656597713 ; Ciprostatina ; 31,29
1916566239535 ; Ciprozida ; 26,49
9928129361288 ; Amoxipril ; 23,9
5504160540899 ; Paracilina ; 39,9
1294457659885 ; Dextrotrina ; 1,29
4599830246929 ; Paratrina ; 13,29
8614179014318 ; Ciproolol ; 5,49
6426261674709 ; Amoxiolol ; 10,79
2756750758027 ; Claritina ; 18,49
3589009103856 ; Azastatina ; 22,49
8210697024320 ; Dextrotrina ; 24,9
7458342024339 ; Azafloxacino ; 30,9
7748266764385 ; Ciprozida ; 19,79
9456137573886 ; Azastatina ; 17,49
9578483940610 ; Ciproolol ; 25,49
3029033257206 ; Dextrostatina ; 28,49
9052359642946 ; Azafloxacino ; 28,79
9246542466024 ; Metrozida ; 21,9
